TestName,Time
Total,2.21167
