TestName,Time
Total,0.92788
