Mode,TestName,Run,Recording,Io,Analysis,AnaHb,AnaExitCode,AnaLeak,AnaClose,AnaConcurrent,AnaResource,AnaSelWithoutPartner,AnaUnlock,AnaWait,AnaMixed,FuzzingAna,FuzzingMut,Rewrite,Replay,NumberReplay
Flow,TestContextHandlerNames,0.74472,0.86072,0.00007,0.00004,0.00000,0.00000,0.00000,0.00000,0.00000,0.00000,0.00000,0.00000,0.00000,0.00000,0.00000,0.00000,0.00000,0.00008,0
GFuzz,TestContextHandlerNames,0.73088,1.67940,0.00008,0.00000,0.00000,0.00000,0.00000,0.00000,0.00000,0.00000,0.00000,0.00000,0.00000,0.00000,0.00000,0.00000,0.00000,0.00000,0
GFuzzHB,TestContextHandlerNames,0.76506,0.89080,0.00011,0.00012,0.00000,0.00000,0.00000,0.00000,0.00000,0.00000,0.00000,0.00000,0.00000,0.00000,0.00000,0.00000,0.00000,0.00014,0
GFuzzHBFlow,TestContextHandlerNames,0.75654,0.79451,0.00009,0.00005,0.00000,0.00000,0.00000,0.00000,0.00000,0.00000,0.00000,0.00000,0.00000,0.00000,0.00000,0.00000,0.00000,0.00010,0
GoPie+,TestContextHandlerNames,0.70138,0.81951,0.00008,0.00000,0.00000,0.00000,0.00000,0.00000,0.00000,0.00000,0.00000,0.00000,0.00000,0.00000,0.00000,0.00000,0.00000,0.00000,0
GoPie,TestContextHandlerNames,0.75381,0.86584,0.00012,0.00000,0.00000,0.00000,0.00000,0.00000,0.00000,0.00000,0.00000,0.00000,0.00000,0.00000,0.00000,0.00000,0.00000,0.00000,0
GoPieHB,TestContextHandlerNames,0.82545,0.85740,0.00007,0.00003,0.00000,0.00000,0.00000,0.00000,0.00000,0.00000,0.00000,0.00000,0.00000,0.00000,0.00000,0.00000,0.00000,0.00008,0
